1
3
IFIFIP
4
ncep_emc
v2003
local_tab_yes1
fcst
oper
fcst
fcst
hour
nws_ncep
rrfs
complex_packing_spatial_diff
2nd_ord_sptdiff
fltng_pnt
lossless
1007
ICE_PROB_IFI_FLIGHT_LEVEL
?
1
tmpl4_0
ICPRB
NCEP
?
spec_alt_above_mean_sea_lvl
1
1
60
5000. 10000. 15000. 20000. 25000. 30000. 35000. 40000. 45000. 50000. 55000. 60000. 65000. 70000. 75000. 80000. 85000. 90000. 95000. 100000. 105000. 110000. 115000. 120000. 125000. 130000. 135000. 140000. 145000. 150000. 155000. 160000. 165000. 170000. 175000. 180000. 185000. 190000. 195000. 200000. 205000. 210000. 215000. 220000. 225000. 230000. 235000. 240000. 245000. 250000. 255000. 260000. 265000. 270000. 275000. 280000. 285000. 290000. 295000. 300000.
?
0
?
0
?
?
?
?
0
0.0
0
0.0
?
0
0.0
0
0.0
0
0.0
0
0.0
1
4.0
0
0
0
?
?
?
1008
SLD_IFI_FLIGHT_LEVEL
?
1
tmpl4_0
SIPD
NCEP
?
spec_alt_above_mean_sea_lvl
1
1
60
5000. 10000. 15000. 20000. 25000. 30000. 35000. 40000. 45000. 50000. 55000. 60000. 65000. 70000. 75000. 80000. 85000. 90000. 95000. 100000. 105000. 110000. 115000. 120000. 125000. 130000. 135000. 140000. 145000. 150000. 155000. 160000. 165000. 170000. 175000. 180000. 185000. 190000. 195000. 200000. 205000. 210000. 215000. 220000. 225000. 230000. 235000. 240000. 245000. 250000. 255000. 260000. 265000. 270000. 275000. 280000. 285000. 290000. 295000. 300000.
?
0
?
0
?
?
?
?
0
0.0
0
0.0
?
0
0.0
0
0.0
0
0.0
0
0.0
1
4.0
0
0
0
?
?
?
1010
WMO_ICE_SEV_CAT_IFI_FLIGHT_LEVEL
?
1
tmpl4_0
ICESEV
?
?
spec_alt_above_mean_sea_lvl
1
1
60
5000. 10000. 15000. 20000. 25000. 30000. 35000. 40000. 45000. 50000. 55000. 60000. 65000. 70000. 75000. 80000. 85000. 90000. 95000. 100000. 105000. 110000. 115000. 120000. 125000. 130000. 135000. 140000. 145000. 150000. 155000. 160000. 165000. 170000. 175000. 180000. 185000. 190000. 195000. 200000. 205000. 210000. 215000. 220000. 225000. 230000. 235000. 240000. 245000. 250000. 255000. 260000. 265000. 270000. 275000. 280000. 285000. 290000. 295000. 300000.
?
0
?
0
?
?
?
?
0
0.0
0
0.0
?
0
0.0
0
0.0
0
0.0
0
0.0
1
4.0
0
0
0
?
?
?
